0.558224081993103,0.27609336376190186,0.8516597151756287,0.9212765693664551,0.009775715880095959,0.01936114765703678,0.010601076297461987,0.020979734137654305
0.11586187034845352,0.13699476420879364,0.969097912311554,0.9647626876831055,0.011424310505390167,0.022590111941099167,0.01171402633190155,0.023156791925430298
0.030706387013196945,0.09813272207975388,0.9929947257041931,0.9735963344573975,0.011831826530396938,0.023386895656585693,0.011801165528595448,0.0233270563185215
0.017556490376591682,0.10673949867486954,0.9960333704948425,0.9738691449165344,0.011872377246618271,0.0234660804271698,0.011830221861600876,0.023383798077702522
0.019433772191405296,0.08022433519363403,0.9954607486724854,0.9795377254486084,0.011868916451931,0.02345931902527809,0.011844522319734097,0.02341168373823166
0.012150152586400509,0.10158886760473251,0.9972649812698364,0.9762907028198242,0.0118876276537776,0.02349586971104145,0.01185042317956686,0.02342325821518898
0.010554235428571701,0.07896879315376282,0.9974983930587769,0.9817882180213928,0.011889872141182423,0.02350025624036789,0.011859623715281487,0.023441273719072342
0.009480927139520645,0.07922116667032242,0.9978165626525879,0.981982409954071,0.011892560869455338,0.023505521938204765,0.011874577030539513,0.023470157757401466
0.0089212441816926,0.057808831334114075,0.9981353878974915,0.9859127998352051,0.011895519681274891,0.023511307314038277,0.011873663403093815,0.0234686192125082
0.008745183236896992,0.08679085969924927,0.9980493783950806,0.9825878143310547,0.0118950754404068,0.02351043000817299,0.011872046627104282,0.0234654750674963
0.00736677460372448,0.07356029003858566,0.9983654022216797,0.9827389717102051,0.011896754615008831,0.02351371943950653,0.011872943490743637,0.023467211052775383
0.008379108272492886,0.07200384885072708,0.9982697367668152,0.9855130910873413,0.01189647801220417,0.023513181135058403,0.011887343600392342,0.023495394736528397
0.0062422300688922405,0.05619173124432564,0.9986337423324585,0.9863080978393555,0.01189866941422224,0.023517467081546783,0.011884254403412342,0.023489320650696754
0.005774076096713543,0.06645992398262024,0.9986715316772461,0.9870088696479797,0.011898478493094444,0.02351709082722664,0.011891146190464497,0.023502828553318977
0.006138866767287254,0.053987737745046616,0.9986953139305115,0.988171398639679,0.011899122968316078,0.023518351837992668,0.011884650215506554,0.023490140214562416
0.005737832747399807,0.052512817084789276,0.9988333582878113,0.9899091720581055,0.011900571174919605,0.02352118119597435,0.011892680078744888,0.02350580133497715
0.005763807334005833,0.04828105494379997,0.998910129070282,0.9895557761192322,0.011901005171239376,0.0235220305621624,0.011887193657457829,0.02349511720240116
0.005874871276319027,0.048704635351896286,0.9988884925842285,0.9884288907051086,0.011900795623660088,0.02352161891758442,0.011885300278663635,0.023491384461522102
0.005070413462817669,0.04342178255319595,0.9990367293357849,0.990791916847229,0.01190129667520523,0.023522598668932915,0.011891591362655163,0.023503689095377922
0.0048975031822919846,0.0559956319630146,0.9990200400352478,0.9888335466384888,0.011901138350367546,0.023522289469838142,0.011881246231496334,0.0234835147857666
0.005712948273867369,0.06511808186769485,0.9989736080169678,0.9875725507736206,0.011901363730430603,0.02352272719144821,0.011888347566127777,0.02349729835987091
0.003740122774615884,0.043743036687374115,0.9991961717605591,0.9900093674659729,0.011901861056685448,0.02352370135486126,0.011885830201208591,0.02349240891635418
0.004400372505187988,0.03359444811940193,0.9992026686668396,0.991865873336792,0.011902287602424622,0.023524535819888115,0.011893467977643013,0.023507339879870415
0.004525312688201666,0.04696552827954292,0.9992026686668396,0.9902068376541138,0.01190205942839384,0.0235240887850523,0.011891257017850876,0.023503053933382034
0.005007441155612469,0.04806698113679886,0.9991809725761414,0.9906694293022156,0.011902177706360817,0.023524319753050804,0.011894327588379383,0.023509059101343155
0.0033583033364266157,0.0484800785779953,0.9992636442184448,0.98974609375,0.0119022810831666,0.02352452091872692,0.011888501234352589,0.02349758706986904
